
WDC for Geomagnetism, Kyoto
Hourly Equatorial Dst Values (REAL-TIME)  
DECEMBER   2014
unit=nT                                                                                      UT
1   2   3   4   5   6   7   8    9  10  11  12  13  14  15  16   17  18  19  20  21  22  23  24
DAY
1  -10  -7  -6  -5  -5  -1  -6  -3   -5  -4   0   6   4   9  19  15   16  17   9  13   7   2 -18 -21
2  -16 -11 -13 -12 -13 -19 -25 -20  -13 -18 -21 -14  -7  -1   1  -5  -13 -13 -16 -11  -9 -12 -15 -12
3  -13 -20 -22 -19 -18 -16 -17 -11   -4   2   4   0   2   3   8   5    6   7   4  -1  -5  -5  -5  -5
4  -12 -12  -7  -9 -13 -14 -12  -6   -2  -2  -1   3   5   3   0  -8  -14 -11  -8  -6  -4  -1  -4  -9
5   -4  -2  -5 -12 -12 -25 -29 -24  -20 -19 -20 -16  -7  -8  -6  -9  -13 -13 -12  -9  -9  -9 -10 -11
6  -10 -10  -8  -3 -10 -15 -12   0   11  13   6  10  16  18  21  26   17  21  20  14  -3  -6 -13 -23
7  -22 -23 -22 -19 -20 -23 -27 -25  -20 -17 -21 -28 -17  -9 -22 -27  -28 -30 -27 -25 -32 -34 -38 -32
8  -31 -33 -33 -32 -34 -34 -32 -25  -24 -23 -24 -27 -23 -20 -13 -15  -11 -15  -9 -13 -17 -18 -24 -29
9  -38 -39 -32 -27 -29 -33 -35 -30  -23 -26 -31 -28 -28 -18 -20 -27  -23 -23 -19 -16 -22 -18 -17 -18
10  -14 -13 -13 -11 -14 -15 -18 -19  -22 -17 -12 -15 -15  -9  -3  -6   -7  -7  -8 -10 -11 -13 -17 -18
11  -17 -16 -10  -9 -11 -12 -11  -6   -2   0  -1  -1   1   3   4  -1    0   3   2   3   8   5   8   7
12    2   1 -11 -13  -8  -9 -17 -28  -22 -23 -20 -15 -22 -29 -32 -44  -44 -39 -36 -40 -40 -36 -36 -35
13  -33 -34 -32 -31 -32 -32 -27 -21  -20 -20 -18 -17 -20 -21 -17 -18  -20 -20 -17 -16 -16 -18 -29 -35
14  -32 -30 -29 -29 -31 -33 -31 -24  -23 -22 -21 -21 -25 -24 -24 -25  -21 -19 -18 -19 -20 -17 -11 -12
15  -12 -12 -11 -16 -21 -15 -13 -12  -22 -29 -29 -23 -16 -20 -22 -24  -21 -18 -17 -14 -14 -26 -28 -26
16  -24 -24 -24 -21 -24 -26 -25 -21  -16 -14 -14 -17 -20 -16 -18 -16  -11  -8 -10  -8  -8 -14 -18 -21
17  -28 -30 -27 -23 -27 -29 -24 -22  -22 -20 -15 -15 -16 -14 -11 -15  -17 -18 -14 -10 -11  -9  -9 -12
18   -9  -7  -8 -13 -14 -15 -14  -9   -5  -9  -7  -5  -5  -2   1  -4   -5  -3  -4  -1  -4  -7  -8 -10
19   -9 -12 -11 -11  -9 -10 -14 -12  -10 -13 -11  -9 -10  -8  -4  -8  -11 -16 -21 -19 -15 -11 -10  -9
20   -5  -8 -13 -14 -16 -21 -22 -17  -12 -12 -13 -18 -18 -11  -6 -12  -14 -12  -9  -6  -6  -9 -16 -12
21   -8  -7  -7 -10 -19 -30 -37 -31  -24 -25 -27 -27 -24 -18 -17 -26  -30 -34 -34 -24 -30 -40 -38 -33
22  -36 -39 -41 -48 -56 -73 -71 -61  -57 -50 -47 -39 -34 -28 -21 -15  -15 -12  -3   5  10  11   6   5
23    2  -3  -5  -7 -13 -15 -11  -7   -5  -7  -8  12  16  16  14  13    9  10   7   3 -15 -37 -51 -46
24  -54 -55 -53 -43 -40 -42 -45 -41  -31 -34 -36 -35 -30 -24 -19 -28  -32 -29 -33 -37 -33 -40 -47 -50
25  -42 -35 -32 -33 -37 -41 -40 -33  -30 -27 -23 -20 -17 -23 -17 -25  -29 -26 -21 -14 -16 -28 -41 -45
26  -46 -55 -51 -52 -52 -51 -49 -40  -36 -39 -37 -32 -27 -22 -19 -19  -17 -15 -20 -229999999999999999
27 99999999999999999999999999999999 99999999999999999999999999999999 99999999999999999999999999999999
28 99999999999999999999999999999999 99999999999999999999999999999999 99999999999999999999999999999999
29 99999999999999999999999999999999 99999999999999999999999999999999 99999999999999999999999999999999
30 99999999999999999999999999999999 99999999999999999999999999999999 99999999999999999999999999999999
31 99999999999999999999999999999999 99999999999999999999999999999999 99999999999999999999999999999999
Dst指数速報値 1ヵ月プロットおよび数値表
