定数との四則演算  &dagger;
> x+2
[1]  3  4  5  6  7  8  9 10 11 12
> x-2
[1] -1  0  1  2  3  4  5  6  7  8
> x*2
[1]  2  4  6  8 10 12 14 16 18 20
> x/2
[1] 0.5 1.0 1.5 2.0 2.5 3.0 3.5 4.0 4.5 5.0
ベクトルの要素間の四則演算  &dagger;
> x+y
[1] 22 24 26 28 30 32 34 36 38 40
> x-y
[1] -20 -20 -20 -20 -20 -20 -20 -20 -20 -20
> x*y
[1]  21  44  69  96 125 156 189 224 261 300
> x/y
[1] 0.04761905 0.09090909 0.13043478 0.16666667 0.20000000 0.23076923
[7] 0.25925926 0.28571429 0.31034483 0.33333333
要素数が異なるときは,短い方が繰り返して使用される
> x+z
[1] 102 104 106 108 110 107 109 111 113 115
ベクトルTips大全 - RjpWiki
