
戻る
エントロピー関数表
上2桁＼下2桁
0
1
2
3
4
5
6
7
8
9
0.00
0.0000
0.0114
0.0208
0.0295
0.0376
0.0454
0.0529
0.0602
0.0672
0.0741
0.01
0.0808
0.0874
0.0938
0.1001
0.1063
0.1124
0.1184
0.1242
0.1301
0.1358
0.02
0.1414
0.1470
0.1525
0.1580
0.1633
0.1687
0.1739
0.1791
0.1843
0.1894
0.03
0.1944
0.1994
0.2043
0.2092
0.2141
0.2189
0.2236
0.2284
0.2330
0.2377
0.04
0.2423
0.2469
0.2514
0.2559
0.2603
0.2648
0.2692
0.2735
0.2778
0.2821
0.05
0.2864
0.2906
0.2948
0.2990
0.3032
0.3073
0.3114
0.3154
0.3195
0.3235
0.06
0.3274
0.3314
0.3353
0.3392
0.3431
0.3470
0.3508
0.3546
0.3584
0.3622
0.07
0.3659
0.3696
0.3733
0.3770
0.3807
0.3843
0.3879
0.3915
0.3951
0.3986
0.08
0.4022
0.4057
0.4092
0.4127
0.4161
0.4196
0.4230
0.4264
0.4298
0.4331
0.09
0.4365
0.4398
0.4431
0.4464
0.4497
0.4529
0.4562
0.4594
0.4626
0.4658
0.10
0.4690
0.4722
0.4753
0.4784
0.4815
0.4846
0.4877
0.4908
0.4939
0.4969
0.11
0.4999
0.5029
0.5059
0.5089
0.5119
0.5148
0.5178
0.5207
0.5236
0.5265
0.12
0.5294
0.5322
0.5351
0.5379
0.5408
0.5436
0.5464
0.5492
0.5519
0.5547
0.13
0.5574
0.5602
0.5629
0.5656
0.5683
0.5710
0.5737
0.5763
0.5790
0.5816
0.14
0.5842
0.5869
0.5895
0.5920
0.5946
0.5972
0.5997
0.6023
0.6048
0.6073
0.15
0.6098
0.6123
0.6148
0.6173
0.6198
0.6222
0.6247
0.6271
0.6295
0.6319
0.16
0.6343
0.6367
0.6391
0.6414
0.6438
0.6461
0.6485
0.6508
0.6531
0.6554
0.17
0.6577
0.6600
0.6623
0.6645
0.6668
0.6690
0.6712
0.6735
0.6757
0.6779
0.18
0.6801
0.6823
0.6844
0.6866
0.6887
0.6909
0.6930
0.6952
0.6973
0.6994
0.19
0.7015
0.7036
0.7056
0.7077
0.7098
0.7118
0.7139
0.7159
0.7179
0.7199
0.20
0.7219
0.7239
0.7259
0.7279
0.7299
0.7318
0.7338
0.7357
0.7376
0.7396
0.21
0.7415
0.7434
0.7453
0.7472
0.7491
0.7509
0.7528
0.7547
0.7565
0.7583
0.22
0.7602
0.7620
0.7638
0.7656
0.7674
0.7692
0.7710
0.7727
0.7745
0.7763
0.23
0.7780
0.7798
0.7815
0.7832
0.7849
0.7866
0.7883
0.7900
0.7917
0.7934
0.24
0.7950
0.7967
0.7984
0.8000
0.8016
0.8033
0.8049
0.8065
0.8081
0.8097
0.25
0.8113
0.8129
0.8144
0.8160
0.8176
0.8191
0.8207
0.8222
0.8237
0.8252
0.26
0.8267
0.8283
0.8297
0.8312
0.8327
0.8342
0.8357
0.8371
0.8386
0.8400
0.27
0.8415
0.8429
0.8443
0.8457
0.8471
0.8485
0.8499
0.8513
0.8527
0.8541
0.28
0.8555
0.8568
0.8582
0.8595
0.8608
0.8622
0.8635
0.8648
0.8661
0.8674
0.29
0.8687
0.8700
0.8713
0.8726
0.8738
0.8751
0.8763
0.8776
0.8788
0.8801
0.30
0.8813
0.8825
0.8837
0.8849
0.8861
0.8873
0.8885
0.8897
0.8909
0.8920
0.31
0.8932
0.8943
0.8955
0.8966
0.8977
0.8989
0.9000
0.9011
0.9022
0.9033
0.32
0.9044
0.9055
0.9065
0.9076
0.9087
0.9097
0.9108
0.9118
0.9129
0.9139
0.33
0.9149
0.9159
0.9170
0.9180
0.9190
0.9200
0.9209
0.9219
0.9229
0.9239
0.34
0.9248
0.9258
0.9267
0.9277
0.9286
0.9295
0.9304
0.9314
0.9323
0.9332
0.35
0.9341
0.9350
0.9358
0.9367
0.9376
0.9385
0.9393
0.9402
0.9410
0.9418
0.36
0.9427
0.9435
0.9443
0.9451
0.9460
0.9468
0.9476
0.9483
0.9491
0.9499
0.37
0.9507
0.9514
0.9522
0.9529
0.9537
0.9544
0.9552
0.9559
0.9566
0.9573
0.38
0.9580
0.9587
0.9594
0.9601
0.9608
0.9615
0.9622
0.9628
0.9635
0.9642
0.39
0.9648
0.9654
0.9661
0.9667
0.9673
0.9680
0.9686
0.9692
0.9698
0.9704
0.40
0.9710
0.9715
0.9721
0.9727
0.9732
0.9738
0.9744
0.9749
0.9754
0.9760
0.41
0.9765
0.9770
0.9775
0.9780
0.9786
0.9791
0.9795
0.9800
0.9805
0.9810
0.42
0.9815
0.9819
0.9824
0.9828
0.9833
0.9837
0.9841
0.9846
0.9850
0.9854
0.43
0.9858
0.9862
0.9866
0.9870
0.9874
0.9878
0.9881
0.9885
0.9889
0.9892
0.44
0.9896
0.9899
0.9903
0.9906
0.9909
0.9913
0.9916
0.9919
0.9922
0.9925
0.45
0.9928
0.9931
0.9933
0.9936
0.9939
0.9941
0.9944
0.9947
0.9949
0.9951
0.46
0.9954
0.9956
0.9958
0.9960
0.9963
0.9965
0.9967
0.9969
0.9970
0.9972
0.47
0.9974
0.9976
0.9977
0.9979
0.9980
0.9982
0.9983
0.9985
0.9986
0.9987
0.48
0.9988
0.9990
0.9991
0.9992
0.9993
0.9994
0.9994
0.9995
0.9996
0.9997
0.49
0.9997
0.9998
0.9998
0.9999
0.9999
0.9999
1.0000
1.0000
1.0000
1.0000
戻る
エントロピー関数表
